-----------------------------------------------------------------------------
   PRES   HGHT   TEMP   DWPT   RELH   MIXR   DRCT   SKNT   THTA   THTE   THTV
    hPa     m      C      C      %    g/kg    deg   knot     K      K      K 
-----------------------------------------------------------------------------
 1000.0      4                                                               
  980.0    178   24.6   17.6     65  13.09    185     11  299.5  337.9  301.8
  932.9    610   21.5   13.7     61  10.65    205     33  300.6  332.2  302.5
  925.0    684   21.0   13.0     60  10.27    205     36  300.8  331.3  302.6
  912.0    806   20.4   11.4     56   9.36    208     38  301.4  329.3  303.1
  900.6    914   19.4   11.2     59   9.33    210     39  301.4  329.3  303.1
  869.2   1219   16.6   10.4     67   9.22    215     43  301.6  329.1  303.3
  867.0   1241   16.4   10.4     68   9.21    216     43  301.6  329.1  303.3
  850.0   1409   15.2    9.2     67   8.66    220     46  302.1  328.0  303.6
  837.0   1540   14.2    7.2     63   7.67    225     46  302.3  325.5  303.7
  808.6   1829   11.8    5.8     67   7.22    235     47  302.8  324.7  304.1
  779.6   2134    9.3    4.4     71   6.76    235     46  303.3  323.9  304.5
  776.0   2173    9.0    4.2     72   6.71    236     46  303.4  323.8  304.6
  751.5   2438    6.6    3.4     80   6.56    240     48  303.5  323.5  304.7
  744.0   2521    5.8    3.2     83   6.52    240     49  303.5  323.4  304.7
  732.0   2654    5.0    1.0     75   5.65    240     49  304.1  321.5  305.1
  724.0   2743    4.4    1.3     80   5.84    240     50  304.4  322.3  305.4
  703.0   2983    4.2   -8.8     38   2.81    244     48  306.7  315.8  307.2
  700.0   3018    3.8   -9.2     38   2.73    245     48  306.7  315.5  307.2
  679.0   3265    3.0  -22.0     14   0.97    243     51  308.4  311.8  308.6
  646.5   3658   -0.3  -22.8     16   0.95    240     55  309.1  312.4  309.3
  627.0   3903   -2.3  -23.3     18   0.94    244     58  309.5  312.8  309.7
  622.3   3962   -2.8  -20.5     24   1.21    245     59  309.6  313.7  309.8
  620.0   3992   -3.1  -19.1     28   1.37    245     59  309.6  314.2  309.8
  613.0   4081   -3.9  -20.9     25   1.19    245     58  309.7  313.7  309.9
  608.0   4146   -4.3  -16.3     39   1.77    245     58  309.9  315.9  310.2
  598.7   4267   -4.9  -15.0     45   2.00    245     57  310.6  317.3  311.0
  598.0   4276   -4.9  -14.9     45   2.02    245     57  310.7  317.4  311.1
  582.0   4489   -5.7  -21.7     27   1.16    243     58  312.2  316.2  312.4
  575.0   4584   -6.3  -19.3     35   1.45    242     59  312.6  317.5  312.8
  560.0   4790   -7.3  -23.3     27   1.05    241     60  313.8  317.4  313.9
  557.0   4832   -7.3  -29.3     15   0.61    240     60  314.2  316.4  314.4
  553.8   4877   -7.7  -30.8     14   0.54    240     60  314.2  316.2  314.3
  541.0   5057   -9.5  -36.5      9   0.31    240     61  314.2  315.4  314.3
  520.0   5361  -12.3  -31.3     19   0.54    240     62  314.4  316.4  314.5
  514.0   5450  -12.3  -34.3     14   0.41    240     62  315.5  317.0  315.6
  500.0   5660  -14.1  -42.1      7   0.19    240     63  315.8  316.5  315.8
  498.0   5691  -14.1  -43.1      7   0.17    240     63  316.1  316.8  316.2
  471.8   6096  -17.2  -46.2      6   0.13    235     62  317.2  317.7  317.2
  443.0   6570  -20.9  -49.9      6   0.09    233     61  318.3  318.7  318.3
  409.0   7158  -24.3  -58.3      3   0.04    231     59  321.3  321.4  321.3
  400.0   7320  -25.7  -58.7      3   0.03    230     59  321.5  321.6  321.5
  392.0   7466  -27.1  -57.1      4   0.04    230     59  321.5  321.7  321.5
  383.6   7620  -28.3  -52.8      8   0.07    230     58  321.9  322.3  322.0
  374.0   7802  -29.7  -47.7     16   0.14    227     56  322.4  323.0  322.5
  368.0   7917  -30.9  -39.9     41   0.32    225     55  322.3  323.6  322.4
  367.6   7925  -30.9  -39.8     42   0.33    225     55  322.4  323.6  322.4
  358.0   8112  -32.3  -37.3     61   0.44    234     57  323.0  324.7  323.1
  352.0   8230  -33.4  -38.0     63   0.41    240     58  323.1  324.7  323.2
  329.0   8701  -37.7  -40.9     72   0.33    237     55  323.5  324.7  323.5
  308.3   9144  -41.1  -45.5     62   0.21    235     53  324.8  325.6  324.9
  300.0   9330  -42.5  -47.5     58   0.18    235     53  325.4  326.1  325.4
  286.0   9649  -45.3  -52.3     45   0.11    238     54  325.8  326.3  325.8
  277.0   9861  -46.5  -54.5     40   0.08    239     54  327.1  327.4  327.1
  257.0  10351  -50.3  -54.6     60   0.09    243     56  328.6  328.9  328.6
  250.0  10530  -51.5  -56.1     58   0.08    245     56  329.4  329.7  329.4
  248.0  10582  -51.9  -56.6     57   0.07    245     56  329.5  329.8  329.6
  207.0  11727  -61.7  -68.7     39   0.02    249     56  331.6  331.7  331.6
  200.0  11940  -62.3  -69.3     39   0.02    250     56  333.9  334.0  333.9
  197.0  12033  -62.7  -69.7     38   0.02    250     55  334.8  334.8  334.8
  186.0  12385  -65.3  -72.3     37   0.01    250     51  336.1  336.1  336.1
  183.0  12485  -64.7  -72.7     32   0.01    246     49  338.6  338.7  338.6
  182.6  12497  -64.8  -72.8     32   0.01    245     49  338.7  338.8  338.7
  177.0  12688  -65.7  -73.7     32   0.01    245     55  340.2  340.3  340.2
  174.0  12792  -64.5  -73.5     28   0.01    245     58  343.9  343.9  343.9
  171.0  12899  -61.5  -73.5     19   0.01    245     62  350.6  350.6  350.6
  166.0  13084  -59.7  -74.7     12   0.01    245     67  356.6  356.6  356.6
  165.4  13106  -59.7  -75.1     12   0.01    245     68  356.9  356.9  356.9
  165.0  13122  -59.8  -75.4     11   0.01    245     68  357.1  357.1  357.1
  163.0  13198  -59.9  -76.9      9   0.01    245     66  358.1  358.1  358.1
  159.0  13354  -58.3  -78.3      6   0.01    245     63  363.3  363.4  363.3
  154.0  13555  -59.1  -82.1      4   0.00    245     58  365.3  365.3  365.3
  150.0  13720  -58.3  -85.3      2   0.00    245     54  369.4  369.4  369.4
  147.0  13847  -58.1  -89.1      1   0.00    241     48  371.9  371.9  371.9
  145.0  13934  -57.5                         238     44  374.4         374.4
  143.0  14021  -57.9                         235     40  375.2         375.2
  130.0  14618  -60.7                         240     44  380.6         380.6
  124.0  14910  -63.1                         242     47  381.4         381.4
  117.5  15240  -63.6                         245     49  386.4         386.4
  116.0  15320  -63.7                         245     50  387.6         387.6
  113.0  15482  -61.3                         245     51  395.0         395.0
  111.0  15593  -57.5                         245     52  404.1         404.1
  107.0  15826  -55.7                         245     54  411.8         411.8
  106.6  15850  -55.3                         245     54  413.0         413.0
  105.0  15947  -53.7                         247     47  417.8         417.8
  100.0  16260  -54.3                         255     26  422.5         422.5
   86.1  17207  -60.9                         246     20  427.7         427.7
   77.3  17882  -59.1                         239     16  444.8         444.8
   72.4  18288  -61.4                         235     14  448.4         448.4
   70.9  18421  -62.1                         241     13  449.5         449.5
   70.0  18500  -61.3                         245     13  452.9         452.9
   68.2  18662  -60.5                         257     11  458.0         458.0
   64.9  18970  -61.7                         280      7  461.9         461.9
   61.9  19265  -59.7                         302      4  472.6         472.6
   59.5  19507  -60.6                         320      1  475.9         475.9
   56.9  19789  -61.7                          85     10  479.6         479.6
   56.7  19812  -61.7                          95     11  480.1         480.1
   54.0  20117  -61.8                         120     15  486.7         486.7
   51.4  20422  -61.9                         200     13  493.4         493.4
   50.9  20479  -61.9                         205     12  494.7         494.7
   50.0  20590  -61.5                         215     10  498.1         498.1
   46.6  21031  -60.6                          30     12  510.5         510.5
   45.4  21188  -60.3                          63     13  515.0         515.0
   44.3  21336  -61.0                          95     14  516.7         516.7
   43.7  21424  -61.5                          91     11  517.7         517.7
   42.2  21641  -59.9                          80      2  526.9         526.9
   41.0  21821  -58.5                          69      3  534.7         534.7
   37.8  22328  -60.3                          39      7  542.6         542.6
   36.3  22580  -58.9                          25      8  552.6         552.6
   33.0  23165  -59.3                         350     12  566.5         566.5
   30.0  23770  -59.7                          65      9  581.3         581.3
   29.0  23982  -59.7                          79      8  587.0         587.0
   27.2  24384  -57.7                         105      7  603.4         603.4
   25.9  24689  -57.5                          30     11  612.5         612.5
   24.7  24994  -57.2                          50     11  621.7         621.7
   21.6  25842  -56.5                          13     10  648.1         648.1
   21.4  25908  -56.6                          10     10  649.8         649.8
   20.4  26213  -57.0                          15     11  657.6         657.6
   20.0  26330  -57.1                          45     13  660.6         660.6
   19.4  26522  -58.1                          75     13  663.3         663.3
   19.4  26518  -58.1                          75     13  663.3         663.3
   18.5  26823  -56.5                          60     11  677.4         677.4
   16.8  27432  -56.0                          30      7  697.8         697.8
   16.4  27588  -55.9                          29      7  703.1         703.1
   15.4  27992  -51.9                          25      8  729.0         729.0
   14.5  28382  -52.5                          22      9  739.6         739.6
   13.9  28651  -51.0                          20     10  753.7         753.7
   13.6  28798  -50.1                          20     12  761.5         761.5
   12.7  29261  -49.2                          20     20  780.2         780.2
   11.3  30014  -47.7                           4      4  811.5         811.5
   11.0  30175  -48.2                           0      0  815.3         815.3
   10.7  30374  -48.9                         282      7  819.9         819.9
   10.5  30480  -48.4                         240     11  825.4         825.4
   10.0  30820  -46.9                         265     13  843.4         843.4
    9.6  31090  -45.2                         290     14  859.7         859.7
    9.5  31163  -44.7                         291     15  864.1         864.1
    8.8  31699  -45.6                         300     22  880.8         880.8
    8.5  31907  -45.9                         310     21  887.4         887.4
    8.4  32004  -45.7                         315     20  891.7         891.7
    8.0  32309  -45.2                         305     15  905.6         905.6
    7.7  32614  -44.6                         290      7  919.7         919.7
    7.1  33114  -43.7                         265     14  943.2         943.2
    7.0  33223  -42.9                         260     15  950.7         950.7
    7.0  33210  -43.1                         260     15  949.5         949.5
    6.7  33528  -39.5                         275     22  977.3         977.3
    6.7  33507  -39.5                         274     22  976.5         976.5
    6.1  34138  -39.8                         320     37 1001.3        1001.3
    5.6  34747  -39.6                         335     20 1028.2        1028.2
    5.6  34732  -40.1                         335     20 1025.2        1025.2
    5.5  34856  -35.7                         328     22 1050.0        1050.0
    5.3  35052  -34.5                         315     26 1063.8        1063.8
    5.2  35248  -33.3                                    1077.7        1077.7
